coords 48.418075 -4.474395
line 17.404470616679955 73.52361299545981 22.19243172522701 3.3001834034431705
arc 21.64824062012794 11.28165294489549 3.073516195331787 1.4601391056209998 8.0
line 29.599310497516885 12.16510515349426 34.57323765643419 12.717763726707298
arc 26.622167779045242 11.834311518108528 1.4601391056209998 -0.06807645825800601 8.0
line 26.07797667394617 19.815781059560848 21.81730744855828 82.30559636524387
arc 22.361498553657352 74.32412682379156 -0.06807645825800601 1.4106879292786818 8.0
line 30.25917861667979 75.59952857309955 35.21620655365712 76.40004240143128
arc 27.318526490634685 75.1246406521233 1.4106879292786818 3.073516195331787 8.0
line 27.862717595733752 67.14317111067099 32.14028604306156 4.405500549869249
arc 31.59609493796249 12.386970091321569 3.073516195331787 1.4601391056210047 8.0
line 39.54716481535145 13.27042229992031 44.521091974268735 13.823080873133325
arc 36.570022096879775 12.939628664534581 1.4601391056210047 -0.06807645825800623 8.0
line 36.02583099178071 20.9210982059869 31.731363322512983 83.90662402190738
arc 32.27555442761206 75.92515448045505 -0.06807645825800623 1.4106879292786836 8.0
line 40.173234490634506 77.20055622976301 45.13026242761189 78.00107005809477
arc 37.23258236458944 76.72566830878681 1.4106879292786836 3.073516195331787 8.0
line 37.77677346968851 68.74419876733448 42.08814036089615 5.510817696295302
arc 41.54394925579708 13.49228723774762 3.073516195331787 1.460139105621 8.0
line 49.49501913318603 14.37573944634639 54.46894629210334 14.92839801955943
arc 46.517876414714394 14.044945810960659 1.460139105621 -0.06807645825800623 8.0
line 45.97368530961533 22.02641535241298 41.64541919646776 85.50765167857088
arc 42.18961030156684 77.52618213711857 -0.06807645825800623 1.4106879292786831 8.0
line 50.08729036458927 78.80158388642654 55.044318301566655 79.60209771475827
arc 47.146638238544206 78.3266959654503 1.4106879292786831 3.073516195331787 8.0
line 47.69082934364328 70.345226423998 52.03599467873074 6.61613484272138
arc 51.49180357363167 14.5976043841737 3.073516195331787 1.4601391056210047 8.0
line 59.44287345102063 15.481056592772443 64.41680060993791 16.033715165985456
arc 56.465730732548955 15.150262957386712 1.4601391056210047 -0.06807645825800601 8.0
line 55.92153962744989 23.131732498839032 53.76337732706303 54.784779571176514
arc 54.30756843216211 46.803310029724194 -0.06807645825800601 -0.8990603390914744 8.0
